567.89083458 22.3579189465 0
567.89083458 22.3579189465 1
567.89083458 22.3579189465 2
567.89083458 22.3579189465 3
567.89083458 22.3579189465 4
567.89083458 22.3579189465 5
517.49110458 20.3736765364 6
390.196228577 15.3620645387 7
490.812329934 19.3233305107 8
336.796167402 13.2596987902 9
517.49110458 20.3736765364 10
390.196228577 15.3620645387 11
490.812329934 19.3233305107 12
336.796167402 13.2596987902 13
517.49110458 20.3736765364 14
390.196228577 15.3620645387 15
490.812329934 19.3233305107 16
336.796167402 13.2596987902 17
540.27770637 21.2707873275 18
540.27770637 21.2707873275 19
540.27770637 21.2707873275 20
540.27770637 21.2707873275 21
540.27770637 21.2707873275 22
540.27770637 21.2707873275 23
505.492068912 19.9012733023 24
382.87038801 15.073645463 25
478.144258178 18.8245872589 26
331.740726502 13.0606655765 27
505.492068912 19.9012733023 28
382.87038801 15.073645463 29
478.144258178 18.8245872589 30
331.740726502 13.0606655765 31
505.492068912 19.9012733023 32
382.87038801 15.073645463 33
478.144258178 18.8245872589 34
331.740726502 13.0606655765 35
512.932744129 20.1942134296 36
512.932744129 20.1942134296 37
512.932744129 20.1942134296 38
512.932744129 20.1942134296 39
512.932744129 20.1942134296 40
512.932744129 20.1942134296 41
493.954803723 19.4470500181 42
375.766423349 14.7939616639 43
465.930303819 18.3437226544 44
327.026290299 12.8750577517 45
493.954803723 19.4470500181 46
375.766423349 14.7939616639 47
465.930303819 18.3437226544 48
327.026290299 12.8750577517 49
493.954803723 19.4470500181 50
375.766423349 14.7939616639 51
465.930303819 18.3437226544 52
327.026290299 12.8750577517 53
485.90122453 19.1299797999 54
485.90122453 19.1299797999 55
485.90122453 19.1299797999 56
485.90122453 19.1299797999 57
485.90122453 19.1299797999 58
485.90122453 19.1299797999 59
482.912406638 19.0123097406 60
368.897153013 14.5235178038 61
454.207102961 17.8821790643 62
322.667806197 12.7034637968 63
482.912406638 19.0123097406 64
368.897153013 14.5235178038 65
454.207102961 17.8821790643 66
322.667806197 12.7034637968 67
482.912406638 19.0123097406 68
368.897153013 14.5235178038 69
454.207102961 17.8821790643 70
322.667806197 12.7034637968 71
459.238500128 18.0802656739 72
459.238500128 18.0802656739 73
459.238500128 18.0802656739 74
459.238500128 18.0802656739 75
459.238500128 18.0802656739 76
459.238500128 18.0802656739 77
472.399581734 18.5984187728 78
362.27592767 14.2628395 79
443.013616854 17.4414903969 80
318.679879265 12.5464587147 81
472.399581734 18.5984187728 82
362.27592767 14.2628395 83
443.013616854 17.4414903969 84
318.679879265 12.5464587147 85
472.399581734 18.5984187728 86
362.27592767 14.2628395 87
443.013616854 17.4414903969 88
318.679879265 12.5464587147 89
433.012701892 17.0477533748 90
433.012701892 17.0477533748 91
433.012701892 17.0477533748 92
433.012701892 17.0477533748 93
433.012701892 17.0477533748 94
433.012701892 17.0477533748 95
355.916590959 14.0124717777 96
315.076580253 12.4045964722 97
355.916590959 14.0124717777 98
315.076580253 12.4045964722 99
355.916590959 14.0124717777 100
315.076580253 12.4045964722 101
407.308237088 16.035766025 102
407.308237088 16.035766025 103
407.308237088 16.035766025 104
407.308237088 16.035766025 105
407.308237088 16.035766025 106
407.308237088 16.035766025 107
349.833425152 13.7729769316 108
311.871241191 12.2784019528 109
349.833425152 13.7729769316 110
311.871241191 12.2784019528 111
349.833425152 13.7729769316 112
311.871241191 12.2784019528 113
382.230297072 15.0484450188 114
382.230297072 15.0484450188 115
382.230297072 15.0484450188 116
382.230297072 15.0484450188 117
382.230297072 15.0484450188 118
382.230297072 15.0484450188 119
344.041079916 13.5449317204 120
309.076243706 12.1683626223 121
344.041079916 13.5449317204 122
309.076243706 12.1683626223 123
344.041079916 13.5449317204 124
309.076243706 12.1683626223 125
357.910603363 14.0909762455 126
357.910603363 14.0909762455 127
357.910603363 14.0909762455 128
357.910603363 14.0909762455 129
357.910603363 14.0909762455 130
357.910603363 14.0909762455 131
338.554482572 13.3289238343 132
306.70280639 12.0749201579 133
338.554482572 13.3289238343 134
306.70280639 12.0749201579 135
338.554482572 13.3289238343 136
306.70280639 12.0749201579 137
334.514573674 13.169872217 138
334.514573674 13.169872217 139
334.514573674 13.169872217 140
334.514573674 13.169872217 141
334.514573674 13.169872217 142
334.514573674 13.169872217 143