0 (16.525817808, 0.70996964027, 2.19665521706) (22.844282192, 38.6601303597, 2.19665521706) 55.7950123839
1 (37.5812079059, 0.997823957207, 2.87174764303) (1.78889209412, 38.3722760428, 2.87174764303) 72.9423507442
2 (13.2761399721, 1.21302654585, 1.76635238096) (26.0939600279, 38.1570734542, 1.76635238096) 44.8653262492
3 (28.22683016, 1.2548459582, 1.42660278337) (11.14326984, 38.1152540418, 1.42660278337) 36.2356911303
4 (5.96142482376, 1.42791393026, 1.35512280081) (33.4086751762, 37.9421860697, 1.35512280081) 34.4201005537
5 (15.1797673054, 1.69925272065, 3.89764598742) (24.1903326946, 37.6708472794, 3.89764598742) 99.0001546203
6 (12.4529959659, 4.01768347072, 1.76307914663) (26.9171040341, 35.3524165293, 1.76307914663) 44.7821861419
7 (34.4395084142, 5.02112336569, 2.30297643302) (4.93059158583, 34.3489766343, 2.30297643302) 58.4955698111
8 (12.8009096196, 5.38179003162, 2.0087563833) (26.5691903804, 33.9883099684, 2.0087563833) 51.0223845837
9 (6.18576273743, 7.23381529409, 2.72242440717) (33.1843372626, 32.1362847059, 2.72242440717) 69.1495426014
10 (35.7344138222, 7.53554475046, 2.93221703331) (3.63568617778, 31.8345552495, 2.93221703331) 74.4782724277
11 (18.6133766693, 8.87904299735, 2.6016884075) (20.7567233307, 30.4910570026, 2.6016884075) 66.0828498657
12 (22.0673489646, 9.29620215046, 0.0939294961581) (17.3027510354, 30.0738978495, 0.0939294961581) 2.38580791408
13 (0.832475635487, 10.0665429972, 3.20218435675) (38.5376243645, 29.3035570028, 3.20218435675) 81.3354387402
14 (37.7847127851, 10.2006520931, 2.38613490683) (1.58538721488, 29.1694479069, 2.38613490683) 60.6077939054
15 (35.7457081462, 10.5566006966, 3.58810365359) (3.62439185378, 28.8134993034, 3.58810365359) 91.1377835868
16 (17.5139538956, 10.5606648228, 0.141434444063) (21.8561461044, 28.8094351772, 0.141434444063) 3.59243293929
17 (26.3673528777, 12.1313631489, 2.38560823972) (13.0027471223, 27.2387368511, 2.38560823972) 60.5944165678
18 (23.1474420978, 12.277342242, 0.818183412441) (16.2226579022, 27.092757758, 0.818183412441) 20.7818474538
19 (16.9555068052, 15.4933871147, 2.84650579395) (22.4145931948, 23.8767128853, 2.84650579395) 72.3012081237
20 (1.08050676815, 18.3029178402, 1.25380039301) (38.2895932318, 21.0671821598, 1.25380039301) 31.8465127854
21 (28.4950135712, 19.1578274658, 0.873272168382) (10.8750864288, 20.2122725342, 0.873272168382) 22.1811010991
22 (36.4107311616, 19.7181627199, 3.27372023156) (2.95936883843, 19.6519372801, 3.27372023156) 83.1524489792
23 (15.4705811929, 20.2678336519, 0.566258037972) (23.8995188071, 19.1022663481, 0.566258037972) 14.3829463977
24 (19.8523263495, 20.3837809343, 2.56462500288) (19.5177736505, 18.9863190657, 2.56462500288) 65.1414398967
25 (18.1656278308, 20.8801575794, 1.92918971046) (21.2044721692, 18.4899424206, 1.92918971046) 49.001392185
26 (18.1500950326, 22.350605393, 3.6233501424) (21.2200049674, 17.019494607, 3.6233501424) 92.0330439192
27 (23.8898449336, 22.8820602741, 0.623554944022) (15.4802550664, 16.4880397259, 0.623554944022) 15.8382870255
28 (2.3133436271, 25.7051291341, 1.07519637721) (37.0567563729, 13.6649708659, 1.07519637721) 27.3099732337
29 (6.76697184809, 26.486842705, 0.326390638474) (32.6031281519, 12.883257295, 0.326390638474) 8.29031774046
30 (39.3182719481, 26.5543331325, 0.715919665428) (0.0518280519024, 12.8157668675, 0.715919665428) 18.1843496823
31 (12.7821818539, 27.542205348, 0.653818012487) (26.5879181461, 11.827894652, 0.653818012487) 16.6069685494
32 (30.1563130005, 29.1317741454, 3.55126238363) (9.21378699953, 10.2383258546, 3.55126238363) 90.202015835
33 (24.2220399824, 29.2307096084, 0.445334504331) (15.1480600176, 10.1393903916, 0.445334504331) 11.3114903018
34 (6.34585591904, 29.6852157013, 2.81555623787) (33.024244081, 9.68488429866, 2.81555623787) 71.5150898237
35 (35.6926826558, 30.0348777871, 3.10924434616) (3.67741734417, 9.33522221294, 3.10924434616) 78.9747637462
36 (35.1800007524, 31.3685177824, 2.891346805) (4.19009924757, 8.00158221764, 2.891346805) 73.4401691894
37 (2.96753581798, 32.2992298318, 2.85806960429) (36.402564182, 7.07087016819, 2.85806960429) 72.5949287477
38 (3.34141893661, 32.8936743818, 2.89752120666) (36.0286810634, 6.47642561816, 2.89752120666) 73.5969989069
39 (20.5654703714, 33.6198215872, 0.963905945584) (18.8046296286, 5.75027841283, 0.963905945584) 24.4831977969
40 (29.7504945564, 33.9545764585, 2.77695086983) (9.6196054436, 5.41552354149, 2.77695086983) 70.5345140051
41 (8.92191541802, 34.468174969, 0.418370236335) (30.448184582, 4.90192503097, 0.418370236335) 10.6265982646
42 (8.28657686434, 34.6685919244, 1.66503101089) (31.0835231357, 4.70150807557, 1.66503101089) 42.291764839
43 (13.9340313381, 34.7579289496, 3.54213021494) (25.4360686619, 4.61217105036, 3.54213021494) 89.9700588757
44 (14.9612254767, 35.1098401336, 2.06989390966) (24.4088745233, 4.26025986635, 2.06989390966) 52.5752769146
45 (20.1532257786, 36.7777505345, 2.45380087909) (19.2168742214, 2.59234946547, 2.45380087909) 62.3265086726
46 (37.6391648877, 37.3160629483, 0.222643300254) (1.73093511229, 2.05403705172, 0.222643300254) 5.65513677268
47 (39.1661456753, 37.3777947152, 2.1424304775) (0.203954324712, 1.99230528477, 2.1424304775) 54.4177047429
48 (12.1875311856, 37.6914263201, 2.78033932173) (27.1825688144, 1.67867367986, 2.78033932173) 70.6205806368
49 (13.9286286963, 38.6211457795, 3.78701361151) (25.4414713037, 0.748954220493, 3.78701361151) 96.1900937898
