0 (2.46063125, 2.46063125, 0.972115790984) (36.90946875, 36.90946875, 0.972115790984) 24.6917277575
1 (7.38189375, 2.46063125, 3.05480903753) (31.98820625, 36.90946875, 3.05480903753) 77.5921076536
2 (12.30315625, 2.46063125, 2.9369444848) (27.06694375, 36.90946875, 2.9369444848) 74.5983496308
3 (17.22441875, 2.46063125, 2.67590245808) (22.14568125, 36.90946875, 2.67590245808) 67.9678857327
4 (22.14568125, 2.46063125, 1.11122424844) (17.22441875, 36.90946875, 1.11122424844) 28.2250806689
5 (27.06694375, 2.46063125, 1.75010652635) (12.30315625, 36.90946875, 1.75010652635) 44.452681765
6 (31.98820625, 2.46063125, 1.03809112846) (7.38189375, 36.90946875, 1.03809112846) 26.3675004244
7 (36.90946875, 2.46063125, 2.22245477415) (2.46063125, 36.90946875, 2.22245477415) 56.4503207803
8 (2.46063125, 7.38189375, 1.06057523286) (36.90946875, 31.98820625, 1.06057523286) 26.9385963678
9 (7.38189375, 7.38189375, 3.30276320304) (31.98820625, 31.98820625, 3.30276320304) 83.8901400566
10 (12.30315625, 7.38189375, 1.96850675332) (27.06694375, 31.98820625, 1.96850675332) 50.0000445343
11 (17.22441875, 7.38189375, 1.4669832108) (22.14568125, 31.98820625, 1.4669832108) 37.2613534331
12 (22.14568125, 7.38189375, 3.05055481238) (17.22441875, 31.98820625, 3.05055481238) 77.4840503931
13 (27.06694375, 7.38189375, 0.629199172542) (12.30315625, 31.98820625, 0.629199172542) 15.9816503525
14 (31.98820625, 7.38189375, 2.05775981379) (7.38189375, 31.98820625, 2.05775981379) 52.2670710459
15 (36.90946875, 7.38189375, 1.61149929671) (2.46063125, 31.98820625, 1.61149929671) 40.9320600331
16 (2.46063125, 12.30315625, 2.25985371698) (36.90946875, 27.06694375, 2.25985371698) 57.4002534151
17 (7.38189375, 12.30315625, 1.57532386308) (31.98820625, 27.06694375, 1.57532386308) 40.013204515
18 (12.30315625, 12.30315625, 1.52456772334) (27.06694375, 27.06694375, 1.52456772334) 38.7239992619
19 (17.22441875, 12.30315625, 1.41780289904) (22.14568125, 27.06694375, 1.41780289904) 36.0121741891
20 (22.14568125, 12.30315625, 3.08454473142) (17.22441875, 27.06694375, 3.08454473142) 78.3473938704
21 (27.06694375, 12.30315625, 2.33869908873) (12.30315625, 27.06694375, 2.33869908873) 59.4029247761
22 (31.98820625, 12.30315625, 2.67384445408) (7.38189375, 27.06694375, 2.67384445408) 67.9156124592
23 (36.90946875, 12.30315625, 3.18778777583) (2.46063125, 27.06694375, 3.18778777583) 80.9697657824
24 (2.46063125, 17.22441875, 2.93302506663) (36.90946875, 22.14568125, 2.93302506663) 74.498796463
25 (7.38189375, 17.22441875, 1.12572062214) (31.98820625, 22.14568125, 1.12572062214) 28.593288362
26 (12.30315625, 17.22441875, 0.763504349563) (27.06694375, 22.14568125, 0.763504349563) 19.3930000067
27 (17.22441875, 17.22441875, 3.14162031623) (22.14568125, 22.14568125, 3.14162031623) 79.7971129417
28 (22.14568125, 17.22441875, 1.36073805011) (17.22441875, 22.14568125, 1.36073805011) 34.562727809
29 (27.06694375, 17.22441875, 2.4965345613) (12.30315625, 22.14568125, 2.4965345613) 63.4119436145
30 (31.98820625, 17.22441875, 1.43818875455) (7.38189375, 22.14568125, 1.43818875455) 36.5299746394
31 (36.90946875, 17.22441875, 0.510500447662) (2.46063125, 22.14568125, 0.510500447662) 12.9667043686
32 (2.46063125, 22.14568125, 3.28498094553) (36.90946875, 17.22441875, 3.28498094553) 83.4384709597
33 (7.38189375, 22.14568125, 2.35021892454) (31.98820625, 17.22441875, 2.35021892454) 59.6955284476
34 (12.30315625, 22.14568125, 1.00674071102) (27.06694375, 17.22441875, 1.00674071102) 25.5712002516
35 (17.22441875, 22.14568125, 1.12023047993) (22.14568125, 17.22441875, 1.12023047993) 28.4538388252
36 (22.14568125, 22.14568125, 1.6383731741) (17.22441875, 17.22441875, 1.6383731741) 41.6146561503
37 (27.06694375, 22.14568125, 3.07840803099) (12.30315625, 17.22441875, 3.07840803099) 78.1915217638
38 (31.98820625, 22.14568125, 3.43862795756) (7.38189375, 17.22441875, 3.43862795756) 87.3411029577
39 (36.90946875, 22.14568125, 2.49283572736) (2.46063125, 17.22441875, 2.49283572736) 63.3179932833
40 (2.46063125, 27.06694375, 2.00148632914) (36.90946875, 12.30315625, 2.00148632914) 50.8377253078
41 (7.38189375, 27.06694375, 2.56910313817) (31.98820625, 12.30315625, 2.56910313817) 65.2551844716
42 (12.30315625, 27.06694375, 3.0137999638) (27.06694375, 12.30315625, 3.0137999638) 76.5504777431
43 (17.22441875, 27.06694375, 0.799324413776) (22.14568125, 12.30315625, 0.799324413776) 20.3028291464
44 (22.14568125, 27.06694375, 3.13329208794) (17.22441875, 12.30315625, 3.13329208794) 79.5855760574
45 (27.06694375, 27.06694375, 1.35862900667) (12.30315625, 12.30315625, 1.35862900667) 34.5091581345
46 (31.98820625, 27.06694375, 1.06438025229) (7.38189375, 12.30315625, 1.06438025229) 27.0352438092
47 (36.90946875, 27.06694375, 1.76258211964) (2.46063125, 12.30315625, 1.76258211964) 44.7695616633
48 (2.46063125, 31.98820625, 1.09378301651) (36.90946875, 7.38189375, 1.09378301651) 27.782073617
49 (7.38189375, 31.98820625, 3.66326050255) (31.98820625, 7.38189375, 3.66326050255) 93.0467665195
50 (12.30315625, 31.98820625, 2.7956689632) (27.06694375, 7.38189375, 2.7956689632) 71.00995332
51 (17.22441875, 31.98820625, 1.68461455289) (22.14568125, 7.38189375, 1.68461455289) 42.7891865373
52 (22.14568125, 31.98820625, 2.47061004678) (17.22441875, 7.38189375, 2.47061004678) 62.7534613013
53 (27.06694375, 31.98820625, 1.93628345816) (12.30315625, 7.38189375, 1.93628345816) 49.1815732792
54 (31.98820625, 31.98820625, 0.951352008969) (7.38189375, 7.38189375, 0.951352008969) 24.1643279791
55 (36.90946875, 31.98820625, 0.75600073086) (2.46063125, 7.38189375, 0.75600073086) 19.2024081945
56 (2.46063125, 36.90946875, 2.64114724081) (36.90946875, 2.46063125, 2.64114724081) 67.0851036906
57 (7.38189375, 36.90946875, 3.07697059616) (31.98820625, 2.46063125, 3.07697059616) 78.1550109386
58 (12.30315625, 36.90946875, 0.817135065644) (27.06694375, 2.46063125, 0.817135065644) 20.7552194595
59 (17.22441875, 36.90946875, 1.48961711888) (22.14568125, 2.46063125, 1.48961711888) 37.8362543881
60 (22.14568125, 36.90946875, 2.829256844) (17.22441875, 2.46063125, 2.829256844) 71.8630850315
61 (27.06694375, 36.90946875, 0.807629879649) (12.30315625, 2.46063125, 0.807629879649) 20.5137878656
62 (31.98820625, 36.90946875, 0.379186299037) (7.38189375, 2.46063125, 0.379186299037) 9.63132679462
63 (36.90946875, 36.90946875, 2.72867565294) (2.46063125, 2.46063125, 2.72867565294) 69.3083241582
