0 26.7496270622 2.75714725543 3.90815335777
1 20.5334506604 3.17903678288 3.10030404374
2 43.637109107 3.49489356776 5.12140496162
3 33.372737494 3.77691866901 6.08494873179
4 8.94135352661 3.9668226934 5.33065426695
5 2.66532308785 6.90468962458 4.84068199856
6 16.4461834034 8.30533186189 1.64277097848
7 29.0325361801 8.66662954007 4.65085037167
8 9.18751503252 10.3375221419 4.46685297493
9 35.5344511902 11.0200495672 3.62548592119
10 22.8240872476 12.1427975961 6.19090594792
11 3.31346016131 13.445817596 5.96914914086
12 41.6230519307 13.9835481084 4.28126645649
13 31.3323702617 15.7115034521 3.25129348503
14 15.4855674538 16.503786023 4.19306962718
15 37.5325754823 18.5062480118 4.0743838323
16 9.42303535146 18.887869911 3.08278777796
17 21.0049398032 19.4005851092 4.24972308651
18 27.601846933 21.0747152664 4.34355193153
19 3.58561976256 22.4834269836 2.9517313609
20 33.6670097874 23.4215022176 2.57943134976
21 42.352768385 24.0363468853 6.14277090039
22 16.4879552699 24.5945278174 4.27441823697
23 22.3157375734 26.9248735816 6.6681533687
24 10.7099201115 27.0910930546 3.73554220258
25 28.6138503448 27.5080283936 2.18249649098
26 39.1230828791 30.0908531026 4.22962115108
27 4.93838699115 30.6057253923 6.3417908229
28 45.5431547392 31.5375399556 5.68240221
29 16.4256338007 32.6215123802 6.0471989779
30 23.2069273491 33.1395252657 2.32521974916
31 28.9783613279 34.4742743351 5.34636652912
32 41.0023125216 36.8200484882 6.5875843658
33 6.06647346676 38.4935723217 4.35453691363
34 24.9660806252 39.2903591272 2.20315162352
35 35.0446239628 39.6576789524 2.35731691464
36 12.1898406459 40.221240326 6.26317873071
37 18.8166547871 40.9253266778 5.91058036502
38 43.700704144 43.3461708479 1.6417119864
39 2.42403599515 43.6835134044 4.36899402802
40 30.6126331392 43.8218981684 4.21107070896
41 23.5001627343 45.3032211038 5.17067249801
42 37.8079662078 45.3928550429 3.07893093297
