0 16.8417410272 2.60747767624 2.19665521706
1 35.7915921153 2.86654656149 2.87174764303
2 27.372652144 3.09786636238 1.42660278337
3 7.33378734138 3.25362753724 1.35512280081
4 21.873680796 3.59440496793 2.29242210139
5 2.18612457993 5.66329529575 2.57004601262
6 13.4893236577 6.81211602845 2.0087563833
7 36.5948370512 8.00581035797 0.344192636445
8 7.53569146368 8.47893876468 2.72242440717
9 22.7403547719 8.75374415372 3.16610169392
10 29.1457112781 9.03875456629 2.93010273384
11 2.71773307194 11.0283936975 3.20218435675
12 34.1396423316 11.469445627 3.58810365359
13 17.731063506 11.4731033405 0.141434444063
14 12.9551590586 11.7001105599 3.87161813735
15 25.69912259 12.886731834 2.38560823972
16 7.72886757829 15.492019284 1.82935804812
17 36.915693759 15.773739354 0.812203946335
18 17.2284611247 15.9125534032 2.84650579395
19 31.6905878413 16.1495889779 0.133074665612
20 22.6393101484 17.2856916555 2.13153016315
21 2.94096109134 18.4411310561 1.25380039301
22 13.331279421 18.7789668068 0.0165676568195
23 27.6140172141 19.2105497192 0.873272168382
24 34.7381630454 19.7148514479 3.27372023156
25 18.3035905293 22.0840498537 3.6233501424
26 8.78438329357 22.2203847233 1.54244559813
27 23.4693654403 22.5623592467 0.623554944022
28 32.0891427814 24.6808178335 3.77822473077
29 4.05051426439 25.1031212207 1.07519637721
30 37.3549497533 25.8674048192 0.715919665428
31 13.4724686685 26.7564898132 0.653818012487
32 19.7170434815 27.2597690652 3.41350127199
33 29.0902005149 27.7184079917 0.839677231231
34 23.7683409842 28.2761436476 0.445334504331
35 9.7413015386 28.5671898521 3.74983107548
36 33.6305056772 30.2001710041 2.891346805
37 4.97578204295 31.5728119437 2.89752120666
38 20.4774283343 32.2263444285 0.963905945584
39 28.7439501008 32.5276238127 2.77695086983
40 9.99822887622 32.9898624721 0.418370236335
41 15.4336079291 33.5673611203 2.06989390966
42 35.8437533989 35.5529616534 0.222643300254
43 1.98821849996 35.8296533829 2.29532636689
44 25.1087870236 35.9431579465 0.461293367559
45 7.2904208152 36.4235019231 3.9161993308
46 19.9776984113 36.8157476223 3.67768040601
47 30.9035473799 36.9980221594 1.32225796702
