-700.0 -700.0 -100.0 700.0 700.0 3000.0 10 0.002 0.0008
650.0 0.0 0.0 200.0 346.410161514 0.0
650.0 0.0 0.0 572.805310157 237.263728066 300.0
650.0 0.0 0.0 293.540735908 -225.241728733 300.0
200.0 346.410161514 0.0 -325.0 562.91651246 0.0
200.0 346.410161514 0.0 48.2946911214 366.834598708 300.0
200.0 346.410161514 0.0 572.805310157 237.263728066 300.0
-325.0 562.91651246 0.0 -400.0 4.89858719659e-14 0.0
-325.0 562.91651246 0.0 -491.879070981 377.432085985 300.0
-325.0 562.91651246 0.0 48.2946911214 366.834598708 300.0
-400.0 4.89858719659e-14 0.0 -325.0 -562.91651246 0.0
-400.0 4.89858719659e-14 0.0 -341.835427029 -141.592869975 300.0
-400.0 4.89858719659e-14 0.0 -491.879070981 377.432085985 300.0
-325.0 -562.91651246 0.0 200.0 -346.410161514 0.0
-325.0 -562.91651246 0.0 -80.9262391764 -614.695814052 300.0
-325.0 -562.91651246 0.0 -341.835427029 -141.592869975 300.0
200.0 -346.410161514 0.0 650.0 0.0 0.0
200.0 -346.410161514 0.0 293.540735908 -225.241728733 300.0
200.0 -346.410161514 0.0 -80.9262391764 -614.695814052 300.0
572.805310157 237.263728066 300.0 48.2946911214 366.834598708 300.0
572.805310157 237.263728066 300.0 417.1930009 417.1930009 600.0
572.805310157 237.263728066 300.0 328.414780938 -87.9984753349 600.0
48.2946911214 366.834598708 300.0 -491.879070981 377.432085985 300.0
48.2946911214 366.834598708 300.0 -87.9984753349 328.414780938 600.0
48.2946911214 366.834598708 300.0 417.1930009 417.1930009 600.0
-491.879070981 377.432085985 300.0 -341.835427029 -141.592869975 300.0
-491.879070981 377.432085985 300.0 -569.896237511 152.70323661 600.0
-491.879070981 377.432085985 300.0 -87.9984753349 328.414780938 600.0
-341.835427029 -141.592869975 300.0 -80.9262391764 -614.695814052 300.0
-341.835427029 -141.592869975 300.0 -240.416305603 -240.416305603 600.0
-341.835427029 -141.592869975 300.0 -569.896237511 152.70323661 600.0
-80.9262391764 -614.695814052 300.0 293.540735908 -225.241728733 300.0
-80.9262391764 -614.695814052 300.0 152.70323661 -569.896237511 600.0
-80.9262391764 -614.695814052 300.0 -240.416305603 -240.416305603 600.0
293.540735908 -225.241728733 300.0 572.805310157 237.263728066 300.0
293.540735908 -225.241728733 300.0 328.414780938 -87.9984753349 600.0
293.540735908 -225.241728733 300.0 152.70323661 -569.896237511 600.0
417.1930009 417.1930009 600.0 -87.9984753349 328.414780938 600.0
417.1930009 417.1930009 600.0 214.302722124 517.372538206 900.0
417.1930009 417.1930009 600.0 307.347907026 40.4631195882 900.0
-87.9984753349 328.414780938 600.0 -569.896237511 152.70323661 600.0
-87.9984753349 328.414780938 600.0 -188.716042993 245.93953549 900.0
-87.9984753349 328.414780938 600.0 214.302722124 517.372538206 900.0
-569.896237511 152.70323661 600.0 -240.416305603 -240.416305603 600.0
-569.896237511 152.70323661 600.0 -555.209122369 -73.0946676432 900.0
-569.896237511 152.70323661 600.0 -188.716042993 245.93953549 900.0
-240.416305603 -240.416305603 600.0 152.70323661 -569.896237511 600.0
-240.416305603 -240.416305603 600.0 -118.631864033 -286.402655078 900.0
-240.416305603 -240.416305603 600.0 -555.209122369 -73.0946676432 900.0
152.70323661 -569.896237511 600.0 328.414780938 -87.9984753349 600.0
152.70323661 -569.896237511 600.0 340.906400245 -444.277870563 900.0
152.70323661 -569.896237511 600.0 -118.631864033 -286.402655078 900.0
328.414780938 -87.9984753349 600.0 417.1930009 417.1930009 600.0
328.414780938 -87.9984753349 600.0 307.347907026 40.4631195882 900.0
328.414780938 -87.9984753349 600.0 340.906400245 -444.277870563 900.0
214.302722124 517.372538206 900.0 -188.716042993 245.93953549 900.0
214.302722124 517.372538206 900.0 3.24531401774e-14 530.0 1200.0
214.302722124 517.372538206 900.0 242.48711306 140.0 1200.0
-188.716042993 245.93953549 900.0 -555.209122369 -73.0946676432 900.0
-188.716042993 245.93953549 900.0 -242.48711306 140.0 1200.0
-188.716042993 245.93953549 900.0 3.24531401774e-14 530.0 1200.0
-555.209122369 -73.0946676432 900.0 -118.631864033 -286.402655078 900.0
-555.209122369 -73.0946676432 900.0 -458.993464006 -265.0 1200.0
-555.209122369 -73.0946676432 900.0 -242.48711306 140.0 1200.0
-118.631864033 -286.402655078 900.0 340.906400245 -444.277870563 900.0
-118.631864033 -286.402655078 900.0 -5.14351655642e-14 -280.0 1200.0
-118.631864033 -286.402655078 900.0 -458.993464006 -265.0 1200.0
340.906400245 -444.277870563 900.0 307.347907026 40.4631195882 900.0
340.906400245 -444.277870563 900.0 458.993464006 -265.0 1200.0
340.906400245 -444.277870563 900.0 -5.14351655642e-14 -280.0 1200.0
307.347907026 40.4631195882 900.0 214.302722124 517.372538206 900.0
307.347907026 40.4631195882 900.0 242.48711306 140.0 1200.0
307.347907026 40.4631195882 900.0 458.993464006 -265.0 1200.0
3.24531401774e-14 530.0 1200.0 -242.48711306 140.0 1200.0
3.24531401774e-14 530.0 1200.0 -191.341716183 461.939766256 1500.0
3.24531401774e-14 530.0 1200.0 152.190357252 198.338335073 1500.0
-242.48711306 140.0 1200.0 -458.993464006 -265.0 1200.0
-242.48711306 140.0 1200.0 -247.861215343 32.631548055 1500.0
-242.48711306 140.0 1200.0 -191.341716183 461.939766256 1500.0
-458.993464006 -265.0 1200.0 -5.14351655642e-14 -280.0 1200.0
-458.993464006 -265.0 1200.0 -304.380714504 -396.676670146 1500.0
-458.993464006 -265.0 1200.0 -247.861215343 32.631548055 1500.0
-5.14351655642e-14 -280.0 1200.0 458.993464006 -265.0 1200.0
-5.14351655642e-14 -280.0 1200.0 95.6708580913 -230.969883128 1500.0
-5.14351655642e-14 -280.0 1200.0 -304.380714504 -396.676670146 1500.0
458.993464006 -265.0 1200.0 242.48711306 140.0 1200.0
458.993464006 -265.0 1200.0 495.722430687 -65.26309611 1500.0
458.993464006 -265.0 1200.0 95.6708580913 -230.969883128 1500.0
242.48711306 140.0 1200.0 3.24531401774e-14 530.0 1200.0
242.48711306 140.0 1200.0 152.190357252 198.338335073 1500.0
242.48711306 140.0 1200.0 495.722430687 -65.26309611 1500.0
-191.341716183 461.939766256 1500.0 -247.861215343 32.631548055 1500.0
-191.341716183 461.939766256 1500.0 -332.340187158 332.340187158 1800.0
-191.341716183 461.939766256 1500.0 56.9401899226 212.503681784 1800.0
-247.861215343 32.631548055 1500.0 -304.380714504 -396.676670146 1500.0
-247.861215343 32.631548055 1500.0 -212.503681784 -56.9401899226 1800.0
-247.861215343 32.631548055 1500.0 -332.340187158 332.340187158 1800.0
-304.380714504 -396.676670146 1500.0 95.6708580913 -230.969883128 1500.0
-304.380714504 -396.676670146 1500.0 -121.644951198 -453.985138356 1800.0
-304.380714504 -396.676670146 1500.0 -212.503681784 -56.9401899226 1800.0
95.6708580913 -230.969883128 1500.0 495.722430687 -65.26309611 1500.0
95.6708580913 -230.969883128 1500.0 155.563491861 -155.563491861 1800.0
95.6708580913 -230.969883128 1500.0 -121.644951198 -453.985138356 1800.0
495.722430687 -65.26309611 1500.0 152.190357252 198.338335073 1500.0
495.722430687 -65.26309611 1500.0 453.985138356 121.644951198 1800.0
495.722430687 -65.26309611 1500.0 155.563491861 -155.563491861 1800.0
152.190357252 198.338335073 1500.0 -191.341716183 461.939766256 1500.0
152.190357252 198.338335073 1500.0 56.9401899226 212.503681784 1800.0
152.190357252 198.338335073 1500.0 453.985138356 121.644951198 1800.0
-332.340187158 332.340187158 1800.0 -212.503681784 -56.9401899226 1800.0
-332.340187158 332.340187158 1800.0 -406.506994305 168.380710241 2100.0
-332.340187158 332.340187158 1800.0 -24.7999765218 188.374523661 2100.0
-212.503681784 -56.9401899226 1800.0 -121.644951198 -453.985138356 1800.0
-212.503681784 -56.9401899226 1800.0 -150.737134655 -115.664671512 2100.0
-212.503681784 -56.9401899226 1800.0 -406.506994305 168.380710241 2100.0
-121.644951198 -453.985138356 1800.0 155.563491861 -155.563491861 1800.0
-121.644951198 -453.985138356 1800.0 57.4315245768 -436.235739004 2100.0
-121.644951198 -453.985138356 1800.0 -150.737134655 -115.664671512 2100.0
155.563491861 -155.563491861 1800.0 453.985138356 121.644951198 1800.0
155.563491861 -155.563491861 1800.0 175.537111177 -72.7098521494 2100.0
155.563491861 -155.563491861 1800.0 57.4315245768 -436.235739004 2100.0
453.985138356 121.644951198 1800.0 56.9401899226 212.503681784 1800.0
453.985138356 121.644951198 1800.0 349.075469728 267.855028764 2100.0
453.985138356 121.644951198 1800.0 175.537111177 -72.7098521494 2100.0
56.9401899226 212.503681784 1800.0 -332.340187158 332.340187158 1800.0
56.9401899226 212.503681784 1800.0 -24.7999765218 188.374523661 2100.0
56.9401899226 212.503681784 1800.0 349.075469728 267.855028764 2100.0
-406.506994305 168.380710241 2100.0 -150.737134655 -115.664671512 2100.0
-406.506994305 168.380710241 2100.0 -410.0 5.0210518765e-14 2400.0
-406.506994305 168.380710241 2100.0 -80.0 138.564064606 2400.0
-150.737134655 -115.664671512 2100.0 57.4315245768 -436.235739004 2100.0
-150.737134655 -115.664671512 2100.0 -80.0 -138.564064606 2400.0
-150.737134655 -115.664671512 2100.0 -410.0 5.0210518765e-14 2400.0
57.4315245768 -436.235739004 2100.0 175.537111177 -72.7098521494 2100.0
57.4315245768 -436.235739004 2100.0 205.0 -355.070415552 2400.0
57.4315245768 -436.235739004 2100.0 -80.0 -138.564064606 2400.0
175.537111177 -72.7098521494 2100.0 349.075469728 267.855028764 2100.0
175.537111177 -72.7098521494 2100.0 160.0 -3.91886975727e-14 2400.0
175.537111177 -72.7098521494 2100.0 205.0 -355.070415552 2400.0
349.075469728 267.855028764 2100.0 -24.7999765218 188.374523661 2100.0
349.075469728 267.855028764 2100.0 205.0 355.070415552 2400.0
349.075469728 267.855028764 2100.0 160.0 -3.91886975727e-14 2400.0
-24.7999765218 188.374523661 2100.0 -406.506994305 168.380710241 2100.0
-24.7999765218 188.374523661 2100.0 -80.0 138.564064606 2400.0
-24.7999765218 188.374523661 2100.0 205.0 355.070415552 2400.0
-410.0 5.0210518765e-14 2400.0 -80.0 -138.564064606 2400.0
-410.0 5.0210518765e-14 2400.0 -351.074222354 -145.419704299 2700.0
-410.0 5.0210518765e-14 2400.0 -103.135934238 79.1389857711 2700.0
-80.0 -138.564064606 2400.0 205.0 -355.070415552 2400.0
-80.0 -138.564064606 2400.0 -16.9684049886 -128.887831979 2700.0
-80.0 -138.564064606 2400.0 -351.074222354 -145.419704299 2700.0
205.0 -355.070415552 2400.0 160.0 -3.91886975727e-14 2400.0
205.0 -355.070415552 2400.0 301.474269311 -231.329343023 2700.0
205.0 -355.070415552 2400.0 -16.9684049886 -128.887831979 2700.0
160.0 -3.91886975727e-14 2400.0 205.0 355.070415552 2400.0
160.0 -3.91886975727e-14 2400.0 120.104339226 49.7488462075 2700.0
160.0 -3.91886975727e-14 2400.0 301.474269311 -231.329343023 2700.0
205.0 355.070415552 2400.0 -80.0 138.564064606 2400.0
205.0 355.070415552 2400.0 49.5999530436 376.749047322 2700.0
205.0 355.070415552 2400.0 120.104339226 49.7488462075 2700.0
-80.0 138.564064606 2400.0 -410.0 5.0210518765e-14 2400.0
-80.0 138.564064606 2400.0 -103.135934238 79.1389857711 2700.0
-80.0 138.564064606 2400.0 49.5999530436 376.749047322 2700.0
-351.074222354 -145.419704299 2700.0 -16.9684049886 -128.887831979 2700.0
-16.9684049886 -128.887831979 2700.0 301.474269311 -231.329343023 2700.0
301.474269311 -231.329343023 2700.0 120.104339226 49.7488462075 2700.0
120.104339226 49.7488462075 2700.0 49.5999530436 376.749047322 2700.0
49.5999530436 376.749047322 2700.0 -103.135934238 79.1389857711 2700.0
-103.135934238 79.1389857711 2700.0 -351.074222354 -145.419704299 2700.0